     Land   T.p P.city  p.65 doctor   beds h.sch   labor income  crimes region
  1   1384  9387   78.1  12.3  25627  69678  50.1  4083.9  72100  709234  1
  2   4069  7031   44.0  10.0  15389  39699  62.0  3353.6  52737  499813  4
  3   3719  7017   43.9   9.4  13326  43292  53.9  3305.9  54542  393162  2
  4   3553  4794   37.4  10.7   9724  33731  50.6  2066.3  33216  198102  1
  5   3916  4370   29.9   8.8   6402  24167  52.2  1966.7  32906  294466  2
  6   2480  3182   31.5  10.5   8502  16751  66.1  1514.5  26573  255162  4
  7   2815  3033   23.1   6.7   7340  16941  68.3  1541.9  25663  177355  3
  8   1218  2688    0.0   8.8   5255  22137  62.9  1213.3  21524  127567  1
  9   8360  2673   46.3   8.2   4047  14347  53.6  1321.2  18350  193125  3
 10   6794  2512   60.1   6.3   4562  14333  51.7  1272.7  18221  162976  3
 11   4935  2380   21.8  11.0   4071  17752  47.8  1061.2  16120  137479  2
 12   3049  2294   19.5  12.1   4005  21149  53.4   967.5  15826   69989  1
 13   2259  2147   38.6   9.3   5141  16485  44.6   966.8  14246  138214  3
 14   4647  2037   31.5   9.2   3916  12815  65.1  1032.2  14542  112642  2
 15   1008  1969   16.6  10.3   4006  16704  55.9   935.5  15953  106646  1
 16   1519  1950   31.8  10.5   4094  12545  54.6   906.0  14684  102816  2
 17   4326  1832   23.6   7.3   3064   9976  50.4   867.2  12107  106482  3
 18    782  1801   28.4   7.8   3119   8656  70.5   915.2  12591  113821  4
 19   4261  1683   48.6   9.7   3396   7552  65.3   644.3  10392  112359  4
 20   4651  1464   38.8   7.7   3380   8517  67.4   729.2  10375  116861  4
 21   2042  1441   24.5  16.5   4071  10039  51.9   681.7  10166  116304  3
 22   4226  1427   38.1   9.8   3285   5392  67.8   699.8  10918   91399  4
 23   1456  1427   46.7  10.4   2484   8555  56.8   710.4  10104   63695  2
 24   2045  1380   37.2  21.4   1949   8863  50.7   543.2   7989   89257  3
 25   2149  1375   29.8  10.6   2530   8354  48.4   617.6   9037   68319  2
 26   1590  1313   30.1  10.9   2296   9988  50.4   565.7   8411   67965  1
 27  27293  1306   25.3  12.3   2018   6323  57.4   510.6   7399   99293  4
 28   3341  1293   35.8  10.1   2289   7593  59.9   656.3   9106   81510  2
 29   9155  1254   53.8  11.1   2280   6450  60.1   575.2   7766  107370  4
 30   1300  1217   47.6   6.8   2794   4989  69.0   610.8   9215   76570  4
 31   3072  1144   68.0   9.3   2181   7497  56.0   549.6   7736   61381  2
 32   1967  1133   51.1   8.8   2520   8467  45.8   460.5   7038   69285  3
 33   3650  1121   34.6  11.1   2358   6224  62.9   539.3   7792   77316  4
 34   2460  1087   49.6   8.4   1874   7706  59.9   510.7   6658   62603  2
 35   2527  1025   78.7   8.4   1760   7664  46.5   391.1   5582   62694  3
 36   2966   970   26.9  10.3   2053   6604  56.3   450.4   6966   54854  1
 37   3434   929   28.9   8.3   1844   3215  65.1   422.6   5909   72410  4
 38   1392   883   37.2   9.8   1579   6087  46.5   396.8   5705   45642  3
 39   2298   886   76.2   9.0   1644   7673  48.2   394.6   5185   52094  3
 40   1219   864   31.7  20.6   1396   6158  55.4   352.8   5879   68109  3
 41   1708   833   24.0   8.8   1062   5315  56.2   367.5   5489   52606  2
 42   8565   822   29.7   7.3   1604   3485  67.6   349.3   4655   49111  4
 43   3358   805   35.1  11.3   1649   5512  44.9   359.1   4941   42786  3
 44   2624   794   30.4  12.2   1532   4730  55.2   356.5   5094   30771  1
 45   2187   777   47.0  10.2   1098   4342  51.9   355.4   5142   46213  2
 46   3214   774   47.7   9.4   1285   3459  40.3   401.7   4924   34941  3
 47   3491   769   48.5   9.7   1496   5620  59.6   362.3   4798   44513  3
 48   4080   773   59.6   9.9   1597   7496  47.3   380.9   4600   33936  3
 49    596   723  100.0   6.0   1260   2819  66.0   319.9   5181   46984  4
 50   3199   694   80.6   8.7    983   4749  50.8   292.4   4127   43010  3
 51    903   661   37.3   9.6    948   4064  55.6   293.3   4102   34725  2
 52   2419   647   27.8   9.9   1250   2870  57.8   286.8   3860   30829  1
 53    938   644   48.1   7.4    614   3016  50.0   280.9   4177   35106  2
 54   1951   629   28.4  14.5    696   4843  47.9   271.5   3667   14868  1
 55   1490   624   33.1  11.9    827   3818  47.4   300.2   4144   19090  1
 56   5677   610   55.8  10.5    760   3883  56.2   292.0   4035   32146  3
 57   1525   597   55.7   8.3    751   3234  44.9   318.5   3777   37070  3
 58   2528   593   19.2  10.2    798   3135  55.4   274.1   3489   44442  3
 59    312   594   19.5   7.5    769   2463  55.0   298.7   4352   29100  1
 60   1537   581   63.8   8.7   1234   5160  62.7   272.6   3725   32271  2
 61   1420   576   32.6   9.5    833   2950  54.0   280.8   3553   26645  2
 62     47   564   41.9  11.9    745   3352  36.3   258.9   3915   29157  1
 63   1023   541   35.1  10.0    639   3144  52.1   234.1   3437   22111  2
 64   2115   526   19.9   9.1    676   2296  38.8   253.3   2962   30684  3
 65   1182   514   32.4   7.4    518   2515  52.4   216.8   3627   35201  2
 66   1165   516   14.5   8.6    746   4277  54.4   237.1   3724   31358  3
 67    476   492    8.9  10.9    787   2778  60.1   218.4   3603   24787  1
 68   1553   487   50.0   8.0   2207   4931  52.0   257.2   2991   24269  3
 69   2023   477   22.1  21.8    752   2317  55.7   194.2   3283   36418  3
 70   2766   474   67.9   7.7    679   3873  56.3   224.0   2598   29967  3
 71   5966   472   39.5   9.6    737   1907  52.7   246.6   3007   38205  4
 72   1863   468   50.4   7.7    674   2989  63.8   194.8   2747   25159  4
 73    192   462   60.5  10.8    617   1789  44.1   212.6   3158   27161  1
 74   9240   455   67.0  10.3   1123   2347  63.1   183.6   2598   41649  4
 75   2277   455   39.5   7.5    512   1788  61.9   221.1   2853   20053  2
 76   1630   449   41.9  10.7    724   4395  50.0   198.0   2445   17596  3
 77   1617   435   71.0   6.9    518   2031  54.1   197.9   2617   31539  3
 78   1057   435   90.7   6.1    479   2551  51.1   163.4   2012   25650  3
 79   1624   429   13.4  11.0    832   2938  55.4   207.8   2885   16985  1
 80   1676   423   36.6   9.2    505   3297  60.7   156.3   2689   24266  4
 81   2818   425   48.5   9.3    540   2694  42.3   172.8   2162   22374  3
 82   2866   408   24.9  10.7    427   2864  39.1   169.1   1987   10425  3
 83   4883   402   72.4   7.3    873   2236  64.9   185.2   2353   28171  4
 84    966   401   24.9  10.6    427   3192  52.2   174.7   2446   15981  2
 85   2109   403   41.2  10.3    520   2539  45.2   183.1   2308   16240  3
 86   2449   395   68.4   9.6    681   2864  63.2   207.4   2651   25149  2
 87   2618   385   31.7   6.1    836   2159  48.0   145.6   1992   25046  3
 88   1465   374   30.3   6.8    598   6456  50.6   164.7   2201   26428  3
 89   1704   375   52.1  10.5    379   2491  55.6   173.2   2662   18599  2
 90   1750   370   49.3   9.7    446   3472  58.2   176.5   2439   16529  2
 91   1489   369   58.8   9.5    911   5720  56.5   175.1   2264   26032  3
 92   8152   363   22.3   9.1    405   1254  51.7   165.6   2257   28351  4
 93   2207   364   57.3   9.7    356   2167  45.5   165.9   2331   19138  3
 94   7874   360   44.4   6.9    398   1365  65.2   174.2   2410   33687  4
 95    655   364   75.2   6.6    425   3879  51.6   163.0   2088   15623  3
 96   1803   362   35.3  10.4    483   2137  53.7   168.9   2666   16405  2
 97   2363   356   53.1  10.6    565   2717  49.3   146.4   1996   19212  3
 98   1435   352   13.4  11.7    342   1076  44.7   156.8   2165   11273  1
 99    946   348   16.4  11.1    366   1455  43.9   163.8   2178    8116  1
100   1136   333   58.6   9.7    448   2630  68.1   171.4   2396   20465  2
101   2658   327   39.0  12.2    365   5430  49.9   136.9   1862    9325  1
102    228   317   31.1  10.2    667   3179  52.8   156.5   2264   19410  1
103   1758   310   56.8  11.5    565   2081  65.3   131.2   1939   17379  4
104   1198   313   55.1   8.0   1171   3877  71.2   172.3   2038   18676  2
105   1412   311   39.2  11.3    436   1837  49.4   154.2   2098   25714  4
106   2071   306   19.9  11.3    470   2531  58.9   133.1   1782   11161  1
107    862   302   26.3  13.4    423   1929  43.3   145.5   2010    7699  1
108   1526   303   71.7   7.7    413   1636  47.1   125.8   1692   20038  3
109   1758   297   33.2  11.6    296   2652  45.3   114.4   1641   12467  3
110   1651   296   64.6   8.9    774   5431  56.1   136.9   1724   14468  3
111   1493   294   64.8   8.9    863   3289  53.7   154.7   1787   15871  3
112   1610   294   59.8   9.5    471   4633  62.9   116.1   1851   18651  4
113   2710   288   63.7   6.2    357   1277  72.8   110.9   1639   18173  4
114   1975   291   46.5  12.6    405   2896  51.5   133.8   1853   12787  2
115   1920   291   49.8   7.8    283   1306  53.2   126.9   1553   12315  3
116   1404   289   38.5  10.0    299   1766  56.2   138.6   1776   11715  2
117   2737   287   45.0  10.5    602   1462  71.3   131.4   1980   18208  4
118   1700   287   18.8   8.0    739   3381  45.9   120.4   1616   14534  3
119    909   277   41.2  11.5    307   1309  54.2   131.9   1762   13722  2
120   1858   277   24.3  13.7    354   1562  46.3   116.9   1507   19133  3
121   3324   275   49.7   8.4    373    929  62.5   120.5   1918   14776  4
122   1697   274   23.8   7.2    338   1610  51.0   105.9   1354   19317  3
123    813   272   46.0   9.8    293   1693  58.4   119.9   1688   10402  1
124   7397   267   47.3  12.5    355   2042  56.2   113.7   1654   12273  2
125   1165   268   43.7   9.4    450   2070  57.5   129.4   1719   16226  2
126    802   268   52.6   9.8    392   1425  52.2   129.6   1816   13230  2
127   1770   268   14.8  12.2    285   2804  44.1   106.7   1537    4205  1
128    495   264   50.7   7.8    220   1177  52.6   119.5   1661    8398  2
129   1255   261   26.0  10.7    458   1646  51.6   113.0   1725   10208  3
130   1148   589   45.3  11.1    891   5790  54.0   277.0   3510   29237  1
131   1509   643   37.6  12.0   1087   4900  51.4   319.6   3982   29058  1
132   2013   254   61.7   9.7    273   1484  50.9   106.7   1412   14446  3
133    711   250   42.4   6.1   1411   3659  67.5   131.0   1790   16228  2
134    471   251   46.3   8.6    219   1128  47.8   105.3   1458   13474  2
135   4552   249   54.4   9.1    329    719  61.9   118.0   1386   15596  4
136   1400   242   50.8   8.0    290   1271  45.7   104.4   1351   10391  3
137   1511   236   38.7  10.7    348   1093  50.4   127.2   1452   16676  4
138   1543   232   39.6   8.1    159    481  30.3    80.6    769    8436  3
139   1011   233   37.8  10.5    264    964  70.7    93.2   1337   14018  3
140    813   232   13.4  10.9    371   4355  58.0    97.0   1589    8428  1
141    654   231   28.8   3.9    140   1296  55.1    66.9   1148   15884  3
